I
1050 Generated by WorldEditor

1     37 1 0 LIEO OLBIA COSTA SMERALDA
100 44.00 1 2 0.25 1 3 0 05  40.89244510  009.50572207  245   55 3 7 0 0 23  40.90497102  009.52949258  151   55 2 0 0 1
102 H3  40.90459220  009.52354381  55.78 46.10 45.00 15 0 0 0.00 1
110 1 0.25 0.0000 xxx
111  40.89264412  009.50561410
111  40.90516925  009.52938798 102
112  40.90580925  009.52902476  40.90609010  009.52861882
111  40.90580925  009.52902476
112  40.90580925  009.52902476  40.90600144  009.52871366 102
111  40.90595197  009.52812153 102
111  40.90580807  009.52721147 102
112  40.90564459  009.52652442  40.90561687  009.52643919
111  40.90564459  009.52652442
112  40.90564459  009.52652442  40.90560927  009.52645311 102
111  40.90477035  009.52486188
111  40.90378635  009.52298888 102
111  40.90199600  009.51958599
112  40.90199600  009.51958599  40.90187652  009.51934492 102
112  40.90201320  009.51867719  40.90204304  009.51839236
112  40.90211948  009.51817782  40.90216183  009.51805135
111  40.90211948  009.51817782
112  40.90211948  009.51817782  40.90220418  009.51792487
111  40.90238925  009.51819971
111  40.90327698  009.51984004
111  40.90349905  009.51962656
111  40.90021438  009.51337601
111  40.89995443  009.51363169
111  40.90043793  009.51453981
111  40.89998600  009.51492145
112  40.89998600  009.51492145  40.89978452  009.51494327 102
112  40.89966790  009.51486040  40.89956153  009.51482071
111  40.89966790  009.51486040
112  40.89966790  009.51486040  40.89945516  009.51478102 102
111  40.89929304  009.51444290 102
111  40.89605850  009.50830091
112  40.89605850  009.50830091  40.89596113  009.50813441 102
112  40.89612335  009.50760204  40.89630713  009.50739647
111  40.89612335  009.50760204
111  40.89620982  009.50750084
111  40.89592435  009.50694916
111  40.89583433  009.50705284
112  40.89583433  009.50705284  40.89562687  009.50722220 102
112  40.89537668  009.50700814  40.89532199  009.50690478
111  40.89537668  009.50700814 102
111  40.89491742  009.50612806
112  40.89491742  009.50612806  40.89487289  009.50602368 102
112  40.89495245  009.50573089  40.89502709  009.50565784
111  40.89495245  009.50573089 102
112  40.89509339  009.50560918  40.89517844  009.50553672
111  40.89509339  009.50560918
111  40.89519887  009.50551736
111  40.89407663  009.50336056 102
111  40.89294987  009.50435949
114  40.89294987  009.50435949  40.89265462  009.50462841 102
112  40.90477173  009.52559176  40.90481457  009.52565645
111  40.90477173  009.52559176 102
111  40.90528305  009.52654372
112  40.90528305  009.52654372  40.90544548  009.52690997 102
111  40.90548757  009.52718496 102
111  40.90564028  009.52819819
112  40.90564028  009.52819819  40.90565231  009.52831418 102
112  40.90550853  009.52873642  40.90536686  009.52892609
111  40.90550853  009.52873642
112  40.90550853  009.52873642  40.90531506  009.52899240 102
112  40.90473956  009.52861925  40.90451295  009.52823501
111  40.90392995  009.52707342 102
112  40.90462447  009.52668846  40.90482453  009.52628940
111  40.90462447  009.52668846
114  40.90462447  009.52668846  40.90476596  009.52639640 102
112  40.90439123  009.52491568  40.90442710  009.52508517
111  40.90439123  009.52491568
112  40.90439123  009.52491568  40.90444124  009.52508958 102
112  40.90432947  009.52632338  40.90423881  009.52665755
111  40.90432947  009.52632338
112  40.90432947  009.52632338  40.90421967  009.52666481 102
112  40.90355386  009.52636244  40.90341500  009.52615620
111  40.90355386  009.52636244
111  40.90060212  009.52076323 102
112  40.90073981  009.52051300  40.90086686  009.52053007 102
112  40.90160453  009.52057475  40.90190116  009.52044933
111  40.90160453  009.52057475
112  40.90160453  009.52057475  40.90188959  009.52041106 102
112  40.90190315  009.52038781  40.90204199  009.52029214
111  40.90190315  009.52038781
112  40.90190315  009.52038781  40.90202753  009.52033040 102
113  40.90217412  009.52067013 102
111  40.90143449  009.51926466
112  40.90143449  009.51926466  40.90153691  009.51947707 102
112  40.90153993  009.52000776  40.90139016  009.52022696
111  40.90153993  009.52000776
112  40.90153993  009.52000776  40.90135756  009.52022827 102
112  40.90055171  009.51998614  40.90022466  009.51988926
111  40.90055171  009.51998614
112  40.90055171  009.51998614  40.90040976  009.51994705 102
112  40.89995545  009.51948565  40.89986602  009.51933707
111  40.89995545  009.51948565
112  40.89658388  009.51313315  40.89652669  009.51301209 102
112  40.89673815  009.51147637  40.89711378  009.51097220
111  40.89673815  009.51147637
112  40.89673815  009.51147637  40.89701316  009.51118531 102
112  40.89733310  009.51150018  40.89740503  009.51164293
113  40.89733310  009.51150018 102
111  40.89671032  009.51031182
112  40.89671032  009.51031182  40.89676254  009.51041224 102
112  40.89687529  009.51078283  40.89683716  009.51091047 102
112  40.89647036  009.51119510  40.89636716  009.51132731
111  40.89647036  009.51119510
112  40.89647036  009.51119510  40.89631415  009.51140175 102
112  40.89618973  009.51185315  40.89608454  009.51214852
111  40.89618973  009.51185315
112  40.89618973  009.51185315  40.89613019  009.51213301 102
111  40.89587998  009.51181873
111  40.89292420  009.50618896
112  40.89292420  009.50618896  40.89286105  009.50603493 102
112  40.89316728  009.50474219  40.89344073  009.50452682
111  40.89316728  009.50474219
112  40.89316728  009.50474219  40.89339888  009.50454498 102
114  40.89382807  009.50483538  40.89391272  009.50492011 102
111  40.90136645  009.51838267 102
111  40.90009433  009.51596952 102
112  40.90006994  009.51547881  40.90024375  009.51540604
111  40.90006994  009.51547881
112  40.90006994  009.51547881  40.90012880  009.51543818 102
112  40.90025034  009.51540381  40.90031279  009.51540967
111  40.90025034  009.51540381
111  40.90093455  009.51547816
111  40.90206201  009.51761256
114  40.90173114  009.51835972  40.90152520  009.51861677 102
110 2 0.00 55.5000 Apron 2
111  40.89407404  009.50343290
111  40.89619424  009.50746179
111  40.89778431  009.50601237
111  40.89700280  009.50451546
111  40.89709933  009.50440006
111  40.89639261  009.50305392
111  40.89628271  009.50315268
113  40.89567208  009.50197932
110 1 0.00 55.0000 Apron2a
111  40.89707495  009.50442721
111  40.89718986  009.50432852
111  40.89702960  009.50402594
111  40.89802759  009.50310800
111  40.89741627  009.50191120
111  40.89711276  009.50219811
111  40.89687958  009.50257037
111  40.89669066  009.50265727
111  40.89650106  009.50257862
111  40.89622141  009.50281047
111  40.89570362  009.50182299
111  40.89406255  009.50326187
111  40.89397619  009.50343524
111  40.89509915  009.50560927 102
111  40.89582842  009.50702168
111  40.89615696  009.50765629
111  40.89780323  009.50610513
113  40.89784079  009.50588758
110 1 0.00 55.0000 New Taxiway 5
111  40.90477435  009.52038673
111  40.90475634  009.52048935
111  40.90396862  009.52127874
111  40.90443234  009.52218009
111  40.90486657  009.52178235
111  40.90497930  009.52179064
111  40.90509412  009.52168291
111  40.90515919  009.52170299
113  40.90534649  009.52057457
110 3 0.00 0.0000 New Taxiway 4
111  40.90261217  009.51327486
111  40.90216260  009.51365423
111  40.90228977  009.51379021
111  40.90240996  009.51363274
113  40.90263433  009.51331289
110 3 0.00 0.0000 New Taxiway 3
111  40.90176765  009.51218070
111  40.90216832  009.51296662
111  40.90235368  009.51281562
113  40.90191709  009.51202653
110 2 0.25 55.5000 Apron3
112  40.90393299  009.52284863  40.90391371  009.52292451
111  40.90393299  009.52284863
112  40.90393299  009.52284863  40.90391134  009.52293214 102
111  40.90383059  009.52299057
111  40.90375863  009.52304914
111  40.90477420  009.52499736
112  40.90476277  009.52477275  40.90476258  009.52465949 102
112  40.90481774  009.52453668  40.90486202  009.52452904
111  40.90481774  009.52453668
112  40.90481774  009.52453668  40.90487345  009.52451509 102
111  40.90492267  009.52462974 102
111  40.90541523  009.52555558 102
111  40.90578828  009.52521982 102
111  40.90352574  009.52085261 102
111  40.90314545  009.52119284 102
113  40.90388911  009.52261304
110 3 0.00 55.0000 Landside2
111  40.90509437  009.52168331
111  40.90497824  009.52179161
111  40.90486524  009.52178265
111  40.90443203  009.52218080
111  40.90491634  009.52310999
113  40.90515883  009.52170296
110 1 0.00 55.0000 Landside
111  40.90401197  009.51896825
111  40.90426213  009.51875549
111  40.90447655  009.51918889
111  40.90426808  009.51939377
111  40.90477427  009.52038665
111  40.90534677  009.52057444
111  40.90564458  009.51835363
111  40.90497857  009.51892670
111  40.90436432  009.51774034
111  40.90431256  009.51778050
111  40.90397144  009.51715009
111  40.90420373  009.51692864
111  40.90384452  009.51619732
111  40.90379275  009.51621163
111  40.90240974  009.51363301
111  40.90228962  009.51378985
111  40.90216292  009.51365422
111  40.90261234  009.51327455
111  40.90235341  009.51281563
111  40.90216833  009.51296651
111  40.90176765  009.51217852
111  40.90191779  009.51202421
111  40.90157813  009.51133321
113  40.90048579  009.51234408
110 2 0.25 0.0000 Apron1
111  40.90310662  009.52053638 106
111  40.90341635  009.52022118 106
111  40.90396862  009.52127874
111  40.90475649  009.52048910
111  40.90477436  009.52038666
111  40.90426808  009.51939377
111  40.90447655  009.51918889
111  40.90426213  009.51875549
111  40.90401197  009.51896825
111  40.90036049  009.51209995
111  40.89910808  009.51326871 102
111  40.89997867  009.51491385
111  40.90024455  009.51540892 102
111  40.90172137  009.51821675
111  40.90197131  009.51867524
111  40.90201880  009.51867164 102
111  40.90210655  009.51866660 102
113  40.90309504  009.52051617
130 Airport Boundary 1
111  40.90496300  009.53119548
111  40.90780645  009.52828457
111  40.90546828  009.52364550
111  40.90627346  009.51772028
111  40.90184758  009.50915109
111  40.89893916  009.51186681
111  40.89692243  009.50806702
111  40.89984480  009.50538981
111  40.89682828  009.49956800
113  40.89096272  009.50456530
120 ST101a
111  40.90190463  009.51511267 51
115  40.90151149  009.51547833
120 ST101b
111  40.90188364  009.51511415 1
111  40.90188364  009.51511415 1
111  40.90189814  009.51513719 1
111  40.90189814  009.51513719 1
115  40.90189814  009.51513719
120 ST102a
111  40.90212346  009.51555745 51
115  40.90174700  009.51591051
120 ST102b
111  40.90210291  009.51555848 1
111  40.90210291  009.51555848 1
111  40.90211742  009.51558152 1
111  40.90211742  009.51558152 1
115  40.90211742  009.51558152
120 ST103a
111  40.90236647  009.51599294 51
115  40.90199239  009.51633969
120 ST103b
111  40.90234449  009.51599570 1
111  40.90234449  009.51599570 1
111  40.90235899  009.51601875 1
111  40.90235899  009.51601875 1
115  40.90235899  009.51601875
120 ST104a
111  40.90259482  009.51644201 51
115  40.90222074  009.51678876
120 ST104b
111  40.90257365  009.51644327 1
111  40.90257365  009.51644327 1
111  40.90258816  009.51646632 1
111  40.90258816  009.51646632 1
115  40.90258816  009.51646632
120 ST105a
111  40.90281506  009.51687566 51
115  40.90244099  009.51722242
120 ST105b
111  40.90279301  009.51687830 1
111  40.90279301  009.51687830 1
111  40.90280751  009.51690134 1
111  40.90280751  009.51690134 1
115  40.90280751  009.51690134
120 ST106c
111  40.90188657  009.51780918 51
111  40.90188472  009.51782040 51
115  40.90187679  009.51781856
120 ST106a
112  40.90171012  009.51778161  40.90173966  009.51778161 51
112  40.90184496  009.51773917  40.90189262  009.51769832
111  40.90184496  009.51773917 51
115  40.90188501  009.51781970
120 ST106b
111  40.90184026  009.51727734 51
111  40.90161291  009.51748575
112  40.90161291  009.51748575  40.90161112  009.51758523 51
112  40.90170063  009.51765154  40.90172390  009.51765391
111  40.90170063  009.51765154 51
115  40.90172390  009.51800679
120 ST107c
111  40.90162946  009.51685958 51
111  40.90163804  009.51685813 51
115  40.90163597  009.51687079
120 ST107a
112  40.90137841  009.51726786  40.90152430  009.51731286 51
112  40.90159076  009.51690313  40.90151132  009.51673439
111  40.90159076  009.51690313 51
115  40.90163798  009.51685814
120 ST107b
111  40.90149477  009.51664972 51
111  40.90124415  009.51688182
112  40.90124415  009.51688182  40.90124415  009.51698840 51
112  40.90136946  009.51712813  40.90142316  009.51713997
111  40.90136946  009.51712813 51
115  40.90137841  009.51737917
120 ST108c
111  40.90129583  009.51621530 51
111  40.90130419  009.51621529 51
115  40.90130235  009.51622651
120 ST108a
112  40.90104366  009.51662603  40.90118955  009.51667103 51
112  40.90125601  009.51626131  40.90117657  009.51609256
111  40.90125601  009.51626131 51
115  40.90130322  009.51621631
120 ST108b
111  40.90116001  009.51600790 51
111  40.90090940  009.51623999
112  40.90090940  009.51623999  40.90090940  009.51634657 51
112  40.90103471  009.51648630  40.90108841  009.51649814
111  40.90103471  009.51648630 51
115  40.90104366  009.51673735
120 ST109a
112  40.90070890  009.51590606  40.90086464  009.51594869 51
116  40.90090403  009.51546791  40.90080378  009.51525476
120 ST109b
111  40.90084137  009.51534476 51
111  40.90059075  009.51557686
112  40.90059075  009.51557686  40.90059075  009.51568343 51
112  40.90069995  009.51578764  40.90075366  009.51579948
111  40.90069995  009.51578764 51
115  40.90071069  009.51606474
120 ST110b
112  40.90002574  009.51464205  40.90004211  009.51467021 51
112  40.90008959  009.51464205  40.90010924  009.51461605
111  40.90008959  009.51464205 51
115  40.90015018  009.51476986
120 ST110a
112  40.90039719  009.51367371  40.90003131  009.51358136 51
112  40.90003541  009.51434698  40.90020975  009.51469297
111  40.90003541  009.51434698 51
115  40.90001795  009.51470306
120 ST110c
111  40.90014067  009.51476862 51
111  40.90015018  009.51476986 51
115  40.90015008  009.51475661
120 ST111b
112  40.89958494  009.51379440  40.89973557  009.51391138 51
112  40.89990586  009.51353229  40.89987639  009.51333950
111  40.89990586  009.51353229 51
115  40.90004340  009.51340015
120 ST111a
112  40.89995099  009.51282671  40.89957045  009.51276672 51
112  40.89958677  009.51349998  40.89976111  009.51384597
111  40.89958677  009.51349998 51
115  40.89958241  009.51385173
120 ST111c
111  40.90003309  009.51340051 51
111  40.90004356  009.51340022 51
115  40.90004029  009.51341297
120 ST112c
111  40.90022933  009.51288616 51
111  40.90022657  009.51289816 51
115  40.90023643  009.51289659
120 ST112b
112  40.90062141  009.51271691  40.90055548  009.51291989 51
112  40.90027957  009.51285353  40.90015899  009.51272715
111  40.90027957  009.51285353 51
111  40.90022568  009.51289763 51
115  40.90022568  009.51289763
120 ST112a
112  40.89990080  009.51272743  40.89990575  009.51261443 51
112  40.90020901  009.51256530  40.90034517  009.51264718
111  40.90020901  009.51256530 51
111  40.90038107  009.51240972
112  40.90038107  009.51240972  40.90044668  009.51244084 51
112  40.90051228  009.51264391  40.90051352  009.51272906
111  40.90051228  009.51264391 51
115  40.90071033  009.51277656
120 ST113c
111  40.90056183  009.51352818 51
111  40.90055907  009.51354018 51
115  40.90056893  009.51353861
120 ST113b
112  40.90097638  009.51337676  40.90091045  009.51357975 51
112  40.90061207  009.51349555  40.90047202  009.51334539
111  40.90061207  009.51349555 51
115  40.90055819  009.51353965
120 ST113a
112  40.90023547  009.51336945  40.90024042  009.51325645 51
112  40.90054152  009.51320732  40.90067768  009.51328920
111  40.90054152  009.51320732 51
111  40.90071357  009.51305175
112  40.90071357  009.51305175  40.90077918  009.51308286 51
112  40.90084478  009.51328593  40.90084602  009.51337109
111  40.90084478  009.51328593 51
115  40.90108477  009.51344236
120 ST114c
111  40.90090182  009.51416426 51
111  40.90089906  009.51417626 51
115  40.90090892  009.51417469
120 ST114b
112  40.90131608  009.51401439  40.90124715  009.51423719 51
112  40.90095206  009.51413163  40.90081052  009.51397156
111  40.90095206  009.51413163 51
115  40.90089818  009.51417573
120 ST114a
112  40.90057281  009.51401058  40.90057777  009.51389758 51
112  40.90088151  009.51384340  40.90101767  009.51392528
111  40.90088151  009.51384340 51
111  40.90105357  009.51368783
112  40.90105357  009.51368783  40.90111917  009.51371894 51
112  40.90118836  009.51394569  40.90118959  009.51403085
111  40.90118836  009.51394569 51
115  40.90143225  009.51407645
120 ST115
111  40.90154667  009.51441486 51
115  40.90113924  009.51478998
120 ST116c
111  40.90322792  009.51775092 51
111  40.90322792  009.51775092 51
111  40.90322792  009.51775092
112  40.90322792  009.51775092  40.90327438  009.51788578 51
112  40.90305895  009.51795039  40.90292083  009.51787399
111  40.90305895  009.51795039 51
115  40.90294858  009.51803946
120 ST116b
111  40.90281608  009.51776674 51
111  40.90303318  009.51756355
112  40.90303318  009.51756355  40.90305556  009.51754006 51
112  40.90310797  009.51757152  40.90313092  009.51761355
111  40.90310797  009.51757152 51
112  40.90316475  009.51771123  40.90317505  009.51774538
111  40.90316475  009.51771123 51
115  40.90338747  009.51785075
120 ST116a
111  40.90295615  009.51804036 51
111  40.90294888  009.51803950 51
115  40.90294935  009.51802997
120 ST117c
111  40.90354828  009.51839424 51
111  40.90354828  009.51839424 51
111  40.90354828  009.51839424
112  40.90354828  009.51839424  40.90359473  009.51852910 51
112  40.90337930  009.51859371  40.90324119  009.51851730
111  40.90337930  009.51859371 51
115  40.90326893  009.51868277
120 ST117b
111  40.90313644  009.51841006 51
111  40.90335353  009.51820686
112  40.90335353  009.51820686  40.90337591  009.51818337 51
112  40.90342832  009.51821483  40.90345127  009.51825686
111  40.90342832  009.51821483 51
112  40.90348511  009.51835454  40.90349540  009.51838869
111  40.90348511  009.51835454 51
115  40.90370783  009.51849406
120 ST117a
111  40.90327651  009.51868367 51
111  40.90326924  009.51868282 51
115  40.90326970  009.51867329
120 ST118c
111  40.90396914  009.51881452 51
111  40.90396516  009.51889780 51
111  40.90398405  009.51890023
112  40.90398405  009.51890023  40.90403107  009.51902149 51
112  40.90383765  009.51909921  40.90370775  009.51905493
111  40.90383765  009.51909921 51
115  40.90373245  009.51920043
120 ST118b
111  40.90350100  009.51907348 51
111  40.90375793  009.51883583
112  40.90375793  009.51883583  40.90379635  009.51880097 51
112  40.90383648  009.51888126  40.90385317  009.51893662
111  40.90383648  009.51888126 51
115  40.90404317  009.51890787
120 ST118a
111  40.90374043  009.51920084 51
111  40.90373291  009.51920152 51
115  40.90373247  009.51919097
120 ST119c
111  40.90416713  009.51921051 51
111  40.90416315  009.51929378 51
111  40.90418204  009.51929621
112  40.90418204  009.51929621  40.90422906  009.51941747 51
112  40.90403564  009.51949519  40.90390574  009.51945091
111  40.90403564  009.51949519 51
115  40.90393044  009.51959642
120 ST119b
111  40.90369899  009.51946946 51
111  40.90395592  009.51923181
112  40.90395592  009.51923181  40.90399434  009.51919695 51
112  40.90403447  009.51927724  40.90405116  009.51933260
111  40.90403447  009.51927724 51
115  40.90424117  009.51930385
120 ST119a
111  40.90393843  009.51959683 51
111  40.90393090  009.51959750 51
115  40.90393046  009.51958695
120 ST21
111  40.90250604  009.51879238 51
111  40.90242234  009.51861676
112  40.90242234  009.51861676  40.90240882  009.51859215 51
116  40.90243756  009.51850490  40.90246884  009.51848029
120 ST22
112  40.90267225  009.51825001  40.90269000  009.51828357 51
112  40.90266663  009.51830290  40.90265818  009.51830849
111  40.90266663  009.51830290 51
111  40.90229264  009.51862986
112  40.90229264  009.51862986  40.90226221  009.51866118 51
112  40.90227781  009.51874321  40.90229303  009.51877453
111  40.90227781  009.51874321 51
115  40.90237088  009.51891983
120 ST23
111  40.90269945  009.51915697 51
111  40.90261064  009.51898677
112  40.90261064  009.51898677  40.90259711  009.51896216 51
116  40.90262483  009.51886814  40.90265611  009.51884353
120 ST24
112  40.90286417  009.51861304  40.90288192  009.51864660 51
112  40.90285391  009.51867020  40.90284545  009.51867579
111  40.90285391  009.51867020 51
111  40.90247684  009.51900123
112  40.90247684  009.51900123  40.90244641  009.51903255 51
112  40.90246611  009.51911187  40.90248133  009.51914319
111  40.90246611  009.51911187 51
115  40.90255815  009.51928713
120 ST25
111  40.90289827  009.51952214 51
111  40.90281048  009.51934788
112  40.90281048  009.51934788  40.90279328  009.51931285 51
116  40.90282037  009.51923151  40.90285165  009.51920691
120 ST26
112  40.90305920  009.51898113  40.90307696  009.51901469 51
112  40.90305477  009.51903402  40.90304632  009.51903961
111  40.90305477  009.51903402 51
111  40.90267567  009.51935286
112  40.90267567  009.51935286  40.90264523  009.51938418 51
112  40.90266595  009.51947433  40.90268117  009.51950565
111  40.90266595  009.51947433 51
115  40.90275902  009.51965095
120 ST27
111  40.90310031  009.51990066 51
111  40.90301475  009.51972750
112  40.90301475  009.51972750  40.90300123  009.51970289 51
116  40.90302532  009.51961811  40.90305660  009.51959350
120 ST28
112  40.90326130  009.51936433  40.90327906  009.51939789 51
112  40.90325341  009.51941679  40.90324495  009.51942238
111  40.90325341  009.51941679 51
111  40.90288691  009.51973815
112  40.90288691  009.51973815  40.90285648  009.51976947 51
112  40.90286836  009.51986011  40.90288358  009.51989143
111  40.90286836  009.51986011 51
115  40.90296143  009.52003181
120 toST101
111  40.90137795  009.51560373 51
115  40.90128499  009.51569464
120 toST101c
111  40.90136971  009.51560377 51
111  40.90137808  009.51560376 51
115  40.90137623  009.51561498
120 toST102
111  40.90160655  009.51603943 51
115  40.90151359  009.51613034
120 toST102c
111  40.90159819  009.51603951 51
111  40.90160655  009.51603951 51
115  40.90160470  009.51605072
120 toST103
111  40.90184022  009.51648132 51
115  40.90174725  009.51657223
120 toST103c
111  40.90183185  009.51648140 51
111  40.90184021  009.51648139 51
115  40.90183836  009.51649261
120 toST104
111  40.90207566  009.51693052 51
115  40.90198269  009.51702143
120 toST104c
111  40.90206729  009.51693060 51
111  40.90207565  009.51693059 51
115  40.90207381  009.51694181
120 toST105
111  40.90230336  009.51736242 51
115  40.90221039  009.51745333
120 toST105c
111  40.90229499  009.51736250 51
111  40.90230335  009.51736250 51
115  40.90230151  009.51737371
120 toST106
111  40.90202641  009.51710417 51
115  40.90193345  009.51719508
120 toST106c
111  40.90194040  009.51719730 51
111  40.90193268  009.51719545 51
115  40.90193388  009.51718468
120 toST107
111  40.90169073  009.51646888 51
115  40.90159776  009.51655979
120 toST107c
111  40.90160472  009.51656200 51
111  40.90159700  009.51656016 51
115  40.90159820  009.51654939
120 toST108
111  40.90135171  009.51582477 51
115  40.90125875  009.51591568
120 toST108c
111  40.90126570  009.51591789 51
111  40.90125799  009.51591605 51
115  40.90125919  009.51590527
120 toST109
111  40.90101159  009.51517918 51
115  40.90091862  009.51527009
120 toST109c
111  40.90092557  009.51527231 51
111  40.90091786  009.51527047 51
115  40.90091906  009.51525969
120 toST115
111  40.90101367  009.51491452 51
115  40.90092071  009.51500543
120 toST115c
111  40.90100531  009.51491460 51
111  40.90101367  009.51491460 51
115  40.90101182  009.51492581
120 toST116
111  40.90264474  009.51792813 51
115  40.90255177  009.51801904
120 toST116c
111  40.90263637  009.51792821 51
111  40.90264473  009.51792821 51
115  40.90264288  009.51793942
120 toST117
111  40.90297259  009.51855018 51
115  40.90287963  009.51864109
120 toST117c
111  40.90296423  009.51855026 51
111  40.90297259  009.51855026 51
115  40.90297074  009.51856147
120 toST118
111  40.90332587  009.51921863 51
115  40.90323291  009.51930953
120 toST118c
111  40.90331750  009.51921871 51
111  40.90332586  009.51921870 51
115  40.90332402  009.51922992
120 toST119
111  40.90353516  009.51960996 51
115  40.90344220  009.51970087
120 toST119c
111  40.90352680  009.51961004 51
111  40.90353516  009.51961004 51
115  40.90353331  009.51962125
120 lf3
111  40.90010119  009.51350856 20
111  40.90062711  009.51450300
112  40.90062711  009.51450300  40.90071291  009.51466517 20
112  40.90088897  009.51513709  40.90095025  009.51524453
111  40.90088897  009.51513709 20
115  40.90229880  009.51776008
120 lf5
112  40.90229880  009.51776008  40.90231259  009.51779454 20
112  40.90239817  009.51777794  40.90243648  009.51773943
111  40.90239817  009.51777794 20
111  40.90296305  009.51723834
112  40.90296305  009.51723834  40.90302434  009.51718969 20
116  40.90296305  009.51699551  40.90293394  009.51694686
120 lf6
111  40.90275915  009.51768189 20
112  40.90275780  009.51754691  40.90279546  009.51751852
111  40.90275780  009.51754691 20
111  40.90301183  009.51731420
112  40.90301183  009.51731420  40.90307771  009.51726555 20
116  40.90301980  009.51696198  40.90296464  009.51684644
120 lf6b
112  40.90226267  009.51781598  40.90229791  009.51788085 20
112  40.90240837  009.51786968  40.90246410  009.51782824
111  40.90240837  009.51786968 20
111  40.90263712  009.51765528
112  40.90263712  009.51765528  40.90268229  009.51761823 20
115  40.90272719  009.51770302
120 lf7
111  40.90296305  009.51699551 20
111  40.90162585  009.51451418
112  40.90162585  009.51451418  40.90160959  009.51448350 20
116  40.90156693  009.51435654  40.90153759  009.51427832
120 lf8
111  40.90302015  009.51696314 22
111  40.90171270  009.51451778
112  40.90171270  009.51451778  40.90166875  009.51444855 22
115  40.90162589  009.51433042
120 lf9
112  40.90162589  009.51433042  40.90158836  009.51421365 20
112  40.90145888  009.51392121  40.90140856  009.51382032
111  40.90145888  009.51392121 20
115  40.90077275  009.51260837
120 lf10
111  40.90140991  009.51398010 20
116  40.90049228  009.51223610  40.90049004  009.51223017
120 lf11
111  40.90061131  009.51229883 20
111  40.90054294  009.51216938
112  40.90054294  009.51216938  40.90049698  009.51208830 20
112  40.90035444  009.51213019  40.90029617  009.51218066
111  40.90035444  009.51213019 20
111  40.89972961  009.51271031
112  40.89972961  009.51271031  40.89969216  009.51273931 20
116  40.89973587  009.51292798  40.89977338  009.51300555
120 lf12
112  40.90049228  009.51223610  40.90047083  009.51218948 20
112  40.90038392  009.51219757  40.90034715  009.51222798
111  40.90038392  009.51219757 20
115  40.89978816  009.51274336
120 lf13
112  40.89978816  009.51274336  40.89975584  009.51277465 20
116  40.89977418  009.51288136  40.89979563  009.51292622
120 lf14
112  40.89973587  009.51292798  40.89973894  009.51294015 21
115  40.90005849  009.51354738
120 lf15
111  40.89977418  009.51288136 21
115  40.90010119  009.51350856
120 lf16
112  40.89975428  009.51290536  40.89978358  009.51297182
111  40.89975428  009.51290536 22
111  40.90060347  009.51452467
112  40.90060347  009.51452467  40.90066416  009.51463820 22
112  40.90086551  009.51515876  40.90092202  009.51525706
111  40.90086551  009.51515876 22
111  40.90228120  009.51779212
112  40.90228120  009.51779212  40.90231996  009.51785901 22
112  40.90240592  009.51781887  40.90243962  009.51778543
111  40.90240592  009.51781887 22
111  40.90240592  009.51781887 22
111  40.90294813  009.51731056
112  40.90294813  009.51731056  40.90307580  009.51721365 22
112  40.90299242  009.51697379  40.90295265  009.51689348
111  40.90299242  009.51697379 22
111  40.90165068  009.51448244
112  40.90165068  009.51448244  40.90160549  009.51438996 22
112  40.90144990  009.51398340  40.90139548  009.51387956
111  40.90144990  009.51398340 22
111  40.90051511  009.51219698
112  40.90051511  009.51219698  40.90047953  009.51213744 22
112  40.90037061  009.51216315  40.90032456  009.51220607
111  40.90037061  009.51216315 22
111  40.89976329  009.51272388
114  40.89976329  009.51272388  40.89972143  009.51275850 22
120 lf4
111  40.90005849  009.51354738 20
111  40.90058288  009.51454182
112  40.90058288  009.51454182  40.90066562  009.51469790 20
112  40.90083642  009.51516404  40.90090996  009.51530187
111  40.90083642  009.51516404 20
115  40.90226267  009.51781598
120 lf17
111  40.90272719  009.51770302 21
115  40.90382970  009.51979589
120 lf21
111  40.90350630  009.52031198 20
111  40.90442127  009.51943680
112  40.90442127  009.51943680  40.90444892  009.51941562 20
112  40.90443909  009.51930846  40.90441145  009.51925457
111  40.90443909  009.51930846 20
111  40.90427341  009.51898436
112  40.90427341  009.51898436  40.90424722  009.51893431 20
112  40.90408959  009.51882241  40.90406195  009.51876081
111  40.90408959  009.51882241 20
111  40.90323219  009.51720677
112  40.90323219  009.51720677  40.90318564  009.51711630 20
116  40.90301980  009.51696198  40.90298779  009.51689461
120 lf20
112  40.90386166  009.51975784  40.90388203  009.51980404 20
112  40.90395103  009.51978895  40.90399323  009.51975623
111  40.90395103  009.51978895 20
111  40.90438683  009.51935830 20
111  40.90422047  009.51903481
112  40.90422047  009.51903481  40.90420737  009.51900016 20
112  40.90406351  009.51890428  40.90403733  009.51884846
111  40.90406351  009.51890428 20
111  40.90322211  009.51732040
112  40.90322211  009.51732040  40.90317410  009.51722992 20
116  40.90301183  009.51731420  40.90294490  009.51738157
120 lf19
112  40.90382970  009.51979589  40.90384248  009.51981822 20
112  40.90382083  009.51991406  40.90378882  009.51993909
111  40.90382083  009.51991406 20
115  40.90346168  009.52024978
120 lf18
111  40.90275915  009.51768189 21
115  40.90386166  009.51975784
120 lf22
112  40.90299242  009.51697379  40.90305003  009.51710295 22
112  40.90322796  009.51726089  40.90328397  009.51736888
111  40.90322796  009.51726089 22
115  40.90407617  009.51886590
120 Linear Feature 18
111  40.90441201  009.51938733 22
115  40.90348749  009.52028307
120 Linear Feature 17
111  40.90478033  009.51984938 20
115  40.90384121  009.52071537
120 Linear Feature 16
111  40.90480085  009.51989735 20
115  40.90457370  009.52008690
120 Linear Feature 15
111  40.90481314  009.51992418 20
115  40.90458792  009.52011533
120 Linear Feature 13
111  40.90478245  009.52068822 20
115  40.90450749  009.52061239
120 Linear Feature 12
111  40.90477579  009.52072146 20
115  40.90450240  009.52064321
120 Linear Feature 14
111  40.90482536  009.51994948 20
115  40.90459984  009.52014368
120 Linear Feature 11
111  40.90477343  009.52075285 20
115  40.90449580  009.52067357
120 Linear Feature 10
111  40.90472241  009.52094304 20
115  40.90436906  009.52081355
120 Linear Feature 9
111  40.90471757  009.52097147 20
115  40.90436355  009.52084334
120 Linear Feature 8
111  40.90471466  009.52100014 20
115  40.90435495  009.52087209
120 Linear Feature 7
111  40.90467247  009.52118360 20
115  40.90439769  009.52109030
120 Linear Feature 6
111  40.90466654  009.52121227 20
111  40.90438994  009.52111753
112  40.90438994  009.52111753  40.90426211  009.52108054 20
116  40.90421817  009.52063129  40.90428408  009.52044630
120 Linear Feature 5
111  40.90466158  009.52123910 20
115  40.90438794  009.52114660
120 TWY_CLL
112  40.90229476  009.51761226  40.90237466  009.51777146 1
112  40.90225463  009.51802323  40.90214151  009.51812135
111  40.90225463  009.51802323 1
111  40.90197928  009.51826449
112  40.90197928  009.51826449  40.90191309  009.51832022 1
112  40.90187534  009.51850092  40.90186531  009.51859115
111  40.90187534  009.51850092 1
115  40.90176119  009.51983024
120 APR1_BL
111  40.89916789  009.51324767 51
111  40.90007467  009.51496272
112  40.90007467  009.51496272  40.90008629  009.51498962 51
112  40.90007301  009.51500439  40.90006488  009.51500900
111  40.90007301  009.51500439
112  40.90007301  009.51500439  40.90005500  009.51501438 51
116  40.90002548  009.51501440  40.90001153  009.51501286
120 APR1_toSTS
111  40.89987767  009.51268887 51
111  40.90074989  009.51434711
112  40.90074989  009.51434711  40.90077542  009.51440742 51
116  40.90076151  009.51456783  40.90074836  009.51462511
120 APR1_toSTS5
111  40.90229476  009.51761226 1
112  40.90242347  009.51781476  40.90250747  009.51792636 1
115  40.90255918  009.51803418
120 APR1_toSTS4
111  40.90343059  009.51968485 1
111  40.90255918  009.51803418
112  40.90255918  009.51803418  40.90249822  009.51792519 1
116  40.90225463  009.51802323  40.90214589  009.51811914
120 APR1_toSTS2
111  40.90229476  009.51761226 51
111  40.90082693  009.51482928
112  40.90082693  009.51482928  40.90078530  009.51475484 51
112  40.90079108  009.51460100  40.90079783  009.51452507 51
116  40.90074989  009.51434711  40.90071388  009.51428458
120 Linear Feature 2
112  40.90057202  009.51483393  40.90059996  009.51480704 1
112  40.90068385  009.51479469  40.90070862  009.51480058
111  40.90068385  009.51479469 1
111  40.90078991  009.51481331
112  40.90078991  009.51481331  40.90081023  009.51481920 1
116  40.90083519  009.51484441  40.90084790  009.51486962
120 ST201
111  40.89453997  009.50366248 51
111  40.89469916  009.50396596
112  40.89469916  009.50396596  40.89471237  009.50398718 51
112  40.89470013  009.50404503  40.89468478  009.50407067
111  40.89470013  009.50404503 51
112  40.89462673  009.50422160  40.89462501  009.50428059
111  40.89462673  009.50422160 51
111  40.89462005  009.50464241
112  40.89462005  009.50464241  40.89461868  009.50467511 51
112  40.89460031  009.50469909  40.89458529  009.50471395
111  40.89460031  009.50469909
112  40.89460031  009.50469909  40.89458036  009.50471769 51
112  40.89431922  009.50476817  40.89416734  009.50469181
111  40.89431922  009.50476817 51
115  40.89427148  009.50481223
120 ST201a
111  40.89427152  009.50481014 51
111  40.89427142  009.50481222 51
115  40.89427308  009.50481236
120 ST202
111  40.89446048  009.50517435 51
111  40.89502538  009.50464815
112  40.89502538  009.50464815  40.89523764  009.50471890 51
112  40.89512900  009.50526279  40.89497859  009.50543082
111  40.89512900  009.50526279
112  40.89512900  009.50526279  40.89513892  009.50534201 51
111  40.89511633  009.50536485 51
112  40.89478806  009.50542861  40.89458300  009.50532341
111  40.89478806  009.50542861 51
115  40.89466271  009.50555685
120 ST202a
111  40.89466260  009.50555491 51
111  40.89466250  009.50555699 51
115  40.89466416  009.50555713
120 ST203a
111  40.89573682  009.50560421 51
111  40.89566146  009.50567899
112  40.89566146  009.50567899  40.89568420  009.50580924 51
116  40.89545749  009.50589693  40.89534730  009.50584425
120 ST203B
111  40.89559464  009.50534057 51
111  40.89537849  009.50553966
112  40.89537849  009.50553966  40.89536033  009.50555903 51
112  40.89537580  009.50563580  40.89539220  009.50565827
111  40.89537580  009.50563580 51
111  40.89544040  009.50573550
112  40.89544040  009.50573550  40.89545035  009.50574712 51
112  40.89545116  009.50578891  40.89545175  009.50580363
111  40.89545116  009.50578891 51
115  40.89546356  009.50600316
120 ST203c
111  40.89573636  009.50560661 51
111  40.89573683  009.50560447 51
115  40.89573534  009.50560398
120 ST204a
111  40.89611666  009.50633785 51
111  40.89604130  009.50641263
112  40.89604130  009.50641263  40.89606404  009.50654288 51
116  40.89583733  009.50663057  40.89572714  009.50657789
120 ST204B
111  40.89597448  009.50607421 51
111  40.89575833  009.50627330
112  40.89575833  009.50627330  40.89574017  009.50629267 51
112  40.89575564  009.50636944  40.89577204  009.50639191
111  40.89575564  009.50636944 51
111  40.89582024  009.50646914
112  40.89582024  009.50646914  40.89583019  009.50648077 51
112  40.89583100  009.50652255  40.89583159  009.50653728
111  40.89583100  009.50652255 51
115  40.89584340  009.50673680
120 ST204c
111  40.89611620  009.50634025 51
111  40.89611667  009.50633811 51
115  40.89611518  009.50633762
120 ST205
111  40.89509559  009.50334607 51
111  40.89517309  009.50327771
112  40.89517309  009.50327771  40.89518326  009.50327069 51
112  40.89517826  009.50324581  40.89517208  009.50323353
111  40.89517826  009.50324581 51
111  40.89516276  009.50320935 51
111  40.89516793  009.50316719
112  40.89516793  009.50316719  40.89517146  009.50315141 51
112  40.89516276  009.50313074  40.89515569  009.50311495
111  40.89516276  009.50313074 51
115  40.89514114  009.50308280
120 ST205a
111  40.89514056  009.50308760 51
111  40.89514114  009.50308280 51
115  40.89514504  009.50308387
120 ST206
111  40.89517044  009.50349139 51
111  40.89525068  009.50342108
112  40.89525068  009.50342108  40.89526163  009.50341186 51
112  40.89527881  009.50343211  40.89528413  009.50344749
111  40.89527881  009.50343211 51
111  40.89528924  009.50345417 51
111  40.89532988  009.50346244
112  40.89532988  009.50346244  40.89534648  009.50346595 51
112  40.89535176  009.50351620  40.89534844  009.50353948
111  40.89535176  009.50351620
112  40.89535176  009.50351620  40.89534512  009.50356188 51
112  40.89528090  009.50357410  40.89523309  009.50356707
111  40.89528090  009.50357410 51
115  40.89523922  009.50361408
120 ST206a
111  40.89523931  009.50361200 51
111  40.89523922  009.50361408 51
115  40.89524087  009.50361422
120 ST207
111  40.89532804  009.50379102 51
111  40.89540828  009.50372072
112  40.89540828  009.50372072  40.89541924  009.50371150 51
112  40.89543642  009.50373175  40.89544173  009.50374712
111  40.89543642  009.50373175 51
111  40.89544684  009.50375380 51
111  40.89548748  009.50376208
112  40.89548748  009.50376208  40.89550408  009.50376559 51
112  40.89550936  009.50381584  40.89550604  009.50383912
111  40.89550936  009.50381584
112  40.89550936  009.50381584  40.89550272  009.50386152 51
112  40.89543850  009.50387374  40.89539069  009.50386671
111  40.89543850  009.50387374 51
115  40.89539682  009.50391372
120 ST207a
111  40.89539691  009.50391164 51
111  40.89539682  009.50391372 51
115  40.89539847  009.50391386
120 ST208a
111  40.89556743  009.50423178 51
111  40.89556734  009.50423386 51
115  40.89556899  009.50423400
120 ST208
111  40.89549856  009.50411117 51
111  40.89557880  009.50404086
112  40.89557880  009.50404086  40.89558976  009.50403164 51
112  40.89560694  009.50405189  40.89561225  009.50406726
111  40.89560694  009.50405189 51
111  40.89561736  009.50407395 51
111  40.89565800  009.50408222
112  40.89565800  009.50408222  40.89567460  009.50408573 51
112  40.89567988  009.50413598  40.89567656  009.50415926
111  40.89567988  009.50413598
112  40.89567988  009.50413598  40.89567324  009.50418166 51
112  40.89560902  009.50419388  40.89556121  009.50418685
111  40.89560902  009.50419388 51
115  40.89556734  009.50423386
120 ST209
111  40.89565875  009.50443131 51
111  40.89573899  009.50436101
112  40.89573899  009.50436101  40.89574994  009.50435178 51
112  40.89576712  009.50437204  40.89577243  009.50438741
111  40.89576712  009.50437204 51
111  40.89577754  009.50439409 51
111  40.89581818  009.50440236
112  40.89581818  009.50440236  40.89583478  009.50440588 51
112  40.89584007  009.50445613  40.89583675  009.50447941
111  40.89584007  009.50445613
112  40.89584007  009.50445613  40.89583342  009.50450181 51
112  40.89576920  009.50451403  40.89572139  009.50450700
111  40.89576920  009.50451403 51
115  40.89572752  009.50455400
120 ST209a
111  40.89572762  009.50455192 51
111  40.89572752  009.50455400 51
115  40.89572918  009.50455415
120 ST210
111  40.89550897  009.50308343 51
111  40.89544517  009.50314581
112  40.89544517  009.50314581  40.89542378  009.50316768 51
112  40.89538830  009.50314214  40.89537226  009.50311513
111  40.89538830  009.50314214
112  40.89538830  009.50314214  40.89537469  009.50311835 51
112  40.89533837  009.50309994  40.89531552  009.50309480
111  40.89533837  009.50309994 51
111  40.89524544  009.50307792
112  40.89524544  009.50307792  40.89521968  009.50307085 51
116  40.89520938  009.50302104  40.89520938  009.50298632
120 ST210a
111  40.89520741  009.50302317 51
111  40.89520941  009.50302086 51
115  40.89521165  009.50302284
120 ST211
111  40.89555310  009.50233983 51
111  40.89572195  009.50217389
112  40.89572195  009.50217389  40.89581555  009.50223006 51
112  40.89570458  009.50245982  40.89562257  009.50249428
111  40.89570458  009.50245982 51
111  40.89569494  009.50257215
112  40.89569494  009.50257215  40.89569300  009.50259895 51
115  40.89568282  009.50260855
120 ST211a
111  40.89568284  009.50260613 51
111  40.89568282  009.50260855 51
115  40.89568442  009.50260850
120 ST212
111  40.89560340  009.50331032 51
111  40.89541258  009.50348786
112  40.89541258  009.50348786  40.89541048  009.50360437 51
112  40.89557299  009.50346567  40.89558558  009.50329645
111  40.89557299  009.50346567 51
115  40.89564848  009.50339493
120 ST212a
111  40.89564801  009.50339705 51
111  40.89564848  009.50339491 51
115  40.89564689  009.50339455
120 APR2_ST213
111  40.89584647  009.50292743 51
111  40.89602763  009.50275238
112  40.89602763  009.50275238  40.89612122  009.50280855 51
112  40.89601026  009.50303831  40.89592824  009.50307277
111  40.89601026  009.50303831 51
111  40.89600061  009.50315063
112  40.89600061  009.50315063  40.89599868  009.50317744 51
115  40.89598849  009.50318704
120 ST213a
111  40.89598851  009.50318462 51
111  40.89598849  009.50318704 51
115  40.89599009  009.50318699
120 APR2_ST214
111  40.89576725  009.50362608 51
111  40.89557643  009.50380362
112  40.89557643  009.50380362  40.89557433  009.50392013 51
112  40.89573684  009.50378143  40.89574942  009.50361221
111  40.89573684  009.50378143 51
115  40.89581233  009.50371069
120 APR2_ST214a
111  40.89581186  009.50371281 51
111  40.89581233  009.50371067 51
115  40.89581074  009.50371030
120 ST215
111  40.89610076  009.50341397 51
111  40.89630146  009.50323399
112  40.89630146  009.50323399  40.89645555  009.50332385 51
112  40.89632124  009.50359995  40.89623922  009.50363441
111  40.89632124  009.50359995 51
111  40.89631902  009.50374176
112  40.89631902  009.50374176  40.89631709  009.50376857 51
111  40.89630266  009.50380484 51
115  40.89630266  009.50380484
120 ST215a
111  40.89630266  009.50380234 51
111  40.89630263  009.50380475 51
115  40.89630424  009.50380471
120 ST216
111  40.89593504  009.50394809 51
111  40.89574421  009.50412563
112  40.89574421  009.50412563  40.89574212  009.50424214 51
112  40.89590463  009.50410344  40.89591721  009.50393422
111  40.89590463  009.50410344 51
115  40.89598012  009.50403270
120 ST216a
111  40.89597965  009.50403482 51
111  40.89598012  009.50403268 51
115  40.89597853  009.50403231
120 ST217
111  40.89659041  009.50422134 51
115  40.89685739  009.50397768
120 ST218
111  40.89610361  009.50426489 51
111  40.89591279  009.50444243
112  40.89591279  009.50444243  40.89591069  009.50455894 51
112  40.89607321  009.50442024  40.89608579  009.50425102
111  40.89607321  009.50442024 51
115  40.89614870  009.50434950
120 ST218a
111  40.89614822  009.50435162 51
111  40.89614869  009.50434948 51
115  40.89614710  009.50434911
120 ST219
111  40.89679557  009.50473609 51
111  40.89689680  009.50463919
112  40.89689680  009.50463919  40.89690037  009.50461871 51
112  40.89689263  009.50456987  40.89688429  009.50453757
111  40.89689263  009.50456987 51
111  40.89692359  009.50437214
112  40.89692359  009.50437214  40.89685333  009.50427288 51
112  40.89673543  009.50450606  40.89675627  009.50465889
111  40.89673543  009.50450606 51
115  40.89669553  009.50454230
120 ST219c
111  40.89669566  009.50453992 51
111  40.89669563  009.50454233 51
115  40.89669723  009.50454229
120 ST220
111  40.89627041  009.50461171 51
115  40.89595651  009.50490903
120 ST221
111  40.89702759  009.50518289 51
111  40.89713438  009.50509274
112  40.89713438  009.50509274  40.89714120  009.50507011 51
112  40.89711506  009.50499764  40.89709589  009.50497107
111  40.89711506  009.50499764 51
111  40.89714602  009.50479991
112  40.89714602  009.50479991  40.89707576  009.50470065 51
112  40.89695785  009.50493383  40.89697870  009.50508665
111  40.89695785  009.50493383 51
111  40.89691796  009.50497007 51
115  40.89691796  009.50497007
120 ST221c
111  40.89691808  009.50496768 51
111  40.89691806  009.50497010 51
115  40.89691966  009.50497005
120 ST222
111  40.89648593  009.50501831 51
115  40.89616459  009.50530581
120 APR2_ST223
111  40.89727298  009.50564628 51
111  40.89737539  009.50555018
112  40.89737539  009.50555018  40.89738254  009.50552812 51
112  40.89735277  009.50544462  40.89733193  009.50541862
111  40.89735277  009.50544462 51
111  40.89738969  009.50525398
112  40.89738969  009.50525398  40.89731942  009.50515472 51
112  40.89720152  009.50538790  40.89722236  009.50554072
111  40.89720152  009.50538790 51
115  40.89716162  009.50542413
120 ST223a
111  40.89716164  009.50542178 51
111  40.89716162  009.50542420 51
115  40.89716322  009.50542415
120 ST224
111  40.89669073  009.50538511 51
115  40.89636940  009.50568981
120 ST225
111  40.89751253  009.50610925 51
111  40.89761900  009.50601583
112  40.89761900  009.50601583  40.89762257  009.50599534 51
112  40.89759518  009.50591011  40.89756850  009.50588041
111  40.89759518  009.50591011 51
111  40.89762614  009.50571238
112  40.89762614  009.50571238  40.89755588  009.50561312 51
112  40.89743798  009.50584630  40.89745882  009.50599913
111  40.89743798  009.50584630 51
115  40.89739808  009.50588254
120 ST225a
111  40.89739806  009.50588015 51
111  40.89739804  009.50588257 51
115  40.89739964  009.50588252
120 ST226
111  40.89688721  009.50579029 51
115  40.89657516  009.50608270
120 toST201
111  40.89443548  009.50345312 51
115  40.89449918  009.50357669
120 toST201a
111  40.89449770  009.50357632 51
111  40.89449918  009.50357669 51
115  40.89449921  009.50357467
120 toST205
111  40.89428459  009.50532665 51
115  40.89439426  009.50523212
120 toST205a
111  40.89439372  009.50523418 51
111  40.89439426  009.50523212 51
115  40.89439264  009.50523195
120 toST203
111  40.89576666  009.50517892 51
115  40.89567357  009.50526703
120 toST203a
111  40.89567494  009.50526739 51
111  40.89567358  009.50526704 51
115  40.89567374  009.50526509
120 toST204
111  40.89615139  009.50590932 51
115  40.89605830  009.50599743
120 toST204a
111  40.89605966  009.50599778 51
111  40.89605830  009.50599743 51
115  40.89605838  009.50599552
120 toST205
111  40.89490093  009.50352439 51
115  40.89499445  009.50344365
120 toST205a
111  40.89499404  009.50344577 51
111  40.89499451  009.50344363 51
115  40.89499293  009.50344327
120 toST206
111  40.89497687  009.50366524 51
115  40.89507039  009.50358451
120 toST206a
111  40.89506999  009.50358663 51
111  40.89507046  009.50358449 51
115  40.89506887  009.50358412
120 toST207
111  40.89513424  009.50396871 51
115  40.89522776  009.50388797
120 toST207a
111  40.89522735  009.50389010 51
111  40.89522782  009.50388796 51
115  40.89522624  009.50388759
120 toST208
111  40.89530178  009.50428668 51
115  40.89539530  009.50420594
120 toST208a
111  40.89539490  009.50420807 51
111  40.89539537  009.50420593 51
115  40.89539378  009.50420556
120 toST209
111  40.89546932  009.50460879 51
115  40.89556285  009.50452805
120 toST209a
111  40.89556244  009.50453018 51
111  40.89556291  009.50452804 51
115  40.89556133  009.50452767
120 toST210
111  40.89564068  009.50295840 51
115  40.89554758  009.50304650
120 toST210a
111  40.89554896  009.50304686 51
111  40.89554760  009.50304652 51
115  40.89554775  009.50304456
120 toST211
111  40.89539072  009.50248002 51
115  40.89548424  009.50239929
120 toST211a
111  40.89548384  009.50240141 51
111  40.89548431  009.50239927 51
115  40.89548272  009.50239890
120 toST212
111  40.89574962  009.50316894 51
115  40.89565653  009.50325705
120 toST212a
111  40.89565791  009.50325741 51
111  40.89565654  009.50325707 51
115  40.89565670  009.50325511
120 toST213
111  40.89569602  009.50306253 51
115  40.89578954  009.50298179
120 toST213a
111  40.89578914  009.50298391 51
111  40.89578961  009.50298177 51
115  40.89578802  009.50298141
120 toST214
111  40.89591825  009.50348726 51
115  40.89582515  009.50357537
120 toST214a
111  40.89582653  009.50357573 51
111  40.89582517  009.50357539 51
115  40.89582532  009.50357343
120 toST215
111  40.89595141  009.50355045 51
115  40.89604493  009.50346972
120 toST215a
111  40.89604453  009.50347184 51
111  40.89604500  009.50346970 51
115  40.89604341  009.50346934
120 toST216
111  40.89608498  009.50380559 51
115  40.89599188  009.50389369
120 toST216a
111  40.89599326  009.50389405 51
111  40.89599190  009.50389371 51
115  40.89599205  009.50389175
120 toST217
111  40.89639463  009.50439688 51
115  40.89648630  009.50431221
120 toST217a
111  40.89648578  009.50431441 51
111  40.89648625  009.50431227 51
115  40.89648467  009.50431190
120 toST218
111  40.89625076  009.50412892 51
115  40.89615766  009.50421703
120 toST218a
111  40.89615904  009.50421739 51
111  40.89615768  009.50421705 51
115  40.89615783  009.50421509
120 toST219
111  40.89664363  009.50487077 51
115  40.89673715  009.50479004
120 toST219a
111  40.89673674  009.50479216 51
111  40.89673721  009.50479002 51
115  40.89673563  009.50478965
120 toST220
111  40.89642877  009.50446218 51
115  40.89633567  009.50455029
120 toST220a
111  40.89633705  009.50455065 51
111  40.89633569  009.50455030 51
115  40.89633584  009.50454835
120 toST221
111  40.89687783  009.50532418 51
115  40.89697136  009.50524344
120 toST221a
111  40.89697095  009.50524556 51
111  40.89697142  009.50524342 51
115  40.89696984  009.50524306
120 toST222
111  40.89664304  009.50487134 51
115  40.89654994  009.50495945
120 toST222a
111  40.89655132  009.50495981 51
111  40.89654996  009.50495947 51
115  40.89655011  009.50495751
120 toST223
111  40.89711990  009.50578168 51
115  40.89721342  009.50570094
120 toST223a
111  40.89721302  009.50570307 51
111  40.89721349  009.50570092 51
115  40.89721190  009.50570056
120 toST224
111  40.89683918  009.50524600 51
115  40.89674608  009.50533411
120 toST224a
111  40.89674746  009.50533447 51
111  40.89674610  009.50533413 51
115  40.89674625  009.50533217
120 toST225
111  40.89719979  009.50593445 51
111  40.89736172  009.50624402 51
111  40.89745656  009.50615877 51
115  40.89745656  009.50615877
120 toST225a
111  40.89745609  009.50616091 51
111  40.89745656  009.50615877 51
115  40.89745497  009.50615841
120 toST226
111  40.89704891  009.50564666 51
115  40.89695582  009.50573477
120 toST226a
111  40.89695702  009.50573512 51
111  40.89695566  009.50573478 51
115  40.89695581  009.50573282
120 TWY_APR2_4
112  40.89649443  009.50656529  40.89652951  009.50664547 51
116  40.89645025  009.50688353  40.89637689  009.50694261
120 TWY_APR2_3
112  40.89459396  009.50330807  40.89465696  009.50325216 51
116  40.89482405  009.50337796  40.89486551  009.50346235
120 TWY_APR2_2
112  40.89486329  009.50306324  40.89479494  009.50312540 51
112  40.89482405  009.50337796  40.89488065  009.50348250
111  40.89482405  009.50337796 51
111  40.89650559  009.50658534
112  40.89650559  009.50658534  40.89656031  009.50668926 51
116  40.89674507  009.50661232  40.89680067  009.50655394
120 TWY_APR2
111  40.89421767  009.50365186 51
111  40.89527526  009.50268398
112  40.89527526  009.50268398  40.89538679  009.50258951 51
112  40.89553646  009.50275774  40.89559315  009.50286591
111  40.89553646  009.50275774 51
111  40.89719979  009.50593445
112  40.89719979  009.50593445  40.89725125  009.50602821 51
112  40.89715198  009.50624253  40.89707917  009.50629391
111  40.89715198  009.50624253 51
115  40.89609259  009.50720960
120 APR2_toST211c
112  40.89539072  009.50248002  40.89535037  009.50251536 51
112  40.89532702  009.50257923  40.89531570  009.50261634 51
116  40.89527526  009.50268398  40.89525561  009.50270131
120 APR2_toST211b
111  40.89539072  009.50248002 51
115  40.89553646  009.50275774
120 APR2_toST225b
112  40.89712377  009.50626800  40.89715354  009.50624516 51
112  40.89724525  009.50624831  40.89728812  009.50625934 51
116  40.89736172  009.50624402  40.89737720  009.50622748
120 SRV_CL1
111  40.89562180  009.50194371 22
115  40.89416053  009.50327863
120 lf7
111  40.89642006  009.50305797 21
115  40.89636403  009.50294368
120 lf8
111  40.89562180  009.50194371 22
111  40.89574418  009.50194490 22
115  40.89629500  009.50300447
120 lf6
111  40.89563856  009.50198173 20
111  40.89572966  009.50198239 20
111  40.89627557  009.50302776
112  40.89627557  009.50302776  40.89629495  009.50306445 20
112  40.89638061  009.50309655  40.89641406  009.50306592
111  40.89638061  009.50309655 20
115  40.89642006  009.50305797
120 lf5
111  40.89562188  009.50190039 20
111  40.89575110  009.50189956 20
111  40.89631800  009.50298536 20
115  40.89636403  009.50294368
120 lf1
111  40.89418474  009.50331304 21
111  40.89424896  009.50379124 21
115  40.89520292  009.50564926
120 SRV_BL2
111  40.89411849  009.50326015 20
115  40.89562188  009.50190039
120 Linear Feature 15
111  40.89467670  009.50286574 20
115  40.89418474  009.50331304
120 SRV_BL1
111  40.89489200  009.50266556 20
115  40.89563856  009.50198173
120 lf6a
111  40.89516284  009.50569000 20
115  40.89589254  009.50708993
120 lf5a
111  40.89554976  009.50631087 20
115  40.89593783  009.50704998
120 lf4
111  40.89520292  009.50564926 22
115  40.89554976  009.50631087
120 lf3
111  40.89520453  009.50564831 20
115  40.89518391  009.50566604
120 lf2
111  40.89411849  009.50326015 21
111  40.89418440  009.50378480 21
115  40.89516284  009.50569000
120 lf9
111  40.89593783  009.50704998 21
112  40.89598601  009.50711405  40.89600715  009.50711591
111  40.89598601  009.50711405 21
115  40.89641900  009.50727863
120 lf12
111  40.89707219  009.50443278 21
111  40.89694169  009.50418298 21
111  40.89684664  009.50426935 21
111  40.89686279  009.50430124 21
111  40.89696610  009.50435255 21
115  40.89703608  009.50448640
120 Linear Feature 16
111  40.89680002  009.50692723 20
115  40.89641900  009.50727863
120 lf11
111  40.89703260  009.50671526 20
111  40.89776196  009.50605016 20
111  40.89777640  009.50590489 20
115  40.89703608  009.50448640
120 lf10
111  40.89643687  009.50735414 20
111  40.89780618  009.50608525 20
111  40.89783050  009.50588345 20
115  40.89707219  009.50443278
120 lf8a
111  40.89589254  009.50708993 21
112  40.89596458  009.50718152  40.89599980  009.50719457
111  40.89596458  009.50718152 21
115  40.89643687  009.50735414
120 lf7a
111  40.89415695  009.50333085 20
111  40.89421541  009.50378284 20
111  40.89518195  009.50566815 20
115  40.89591457  009.50706783
120 APR2_SL
111  40.89610067  009.50754313 58
115  40.89587489  009.50710734
120 Linear Feature 19
111  40.89683103  009.50698848 20
111  40.89681711  009.50695882 20
111  40.89642570  009.50731592 20
111  40.89597472  009.50714847
112  40.89597472  009.50714847  40.89594285  009.50713326 20
116  40.89591457  009.50706783  40.89589847  009.50703697
120 Linear Feature 14
112  40.89467670  009.50286574  40.89468825  009.50285492 21
112  40.89483087  009.50291809  40.89487057  009.50299313
111  40.89483087  009.50291809 21
111  40.89683473  009.50672076
112  40.89683473  009.50672076  40.89686331  009.50677467 21
116  40.89680002  009.50692723  40.89677091  009.50695454
120 Linear Feature 13
112  40.89489200  009.50266556  40.89486602  009.50268975 21
112  40.89486786  009.50288629  40.89490057  009.50296394
111  40.89486786  009.50288629 21
111  40.89686331  009.50668339
112  40.89686331  009.50668339  40.89689824  009.50675411 21
116  40.89703260  009.50671526  40.89706277  009.50668936
120 Linear Feature 18
111  40.89704698  009.50674676 22
111  40.89778543  009.50606456 22
111  40.89779916  009.50589022 22
115  40.89705339  009.50445731
120 Linear Feature 17
111  40.89703260  009.50671526 20
115  40.89704698  009.50674676
120 PRK1
111  40.89682849  009.50359886 22
111  40.89676547  009.50365636 22
115  40.89682315  009.50376856
120 PRK2
111  40.89663389  009.50340382 22
111  40.89671440  009.50356007 22
115  40.89678033  009.50349954
120 PRK3
111  40.89682315  009.50376856 20
111  40.89681085  009.50378038 20
111  40.89675421  009.50377516 20
111  40.89656475  009.50341289 20
111  40.89662250  009.50341412 20
115  40.89663389  009.50340382
120 PRK5
111  40.89679372  009.50374710 20
111  40.89673708  009.50374251 20
111  40.89671984  009.50371003 20
111  40.89677519  009.50371055 20
111  40.89675641  009.50367516 20
111  40.89670233  009.50367642 20
111  40.89668641  009.50364565 20
111  40.89674053  009.50364427 20
111  40.89672390  009.50361049 20
111  40.89666909  009.50361323 20
111  40.89665205  009.50358034 20
111  40.89670695  009.50357867 20
111  40.89668924  009.50354362 20
111  40.89663378  009.50354543 20
111  40.89661381  009.50350675 20
111  40.89667102  009.50350779 20
111  40.89664675  009.50346061 20
115  40.89658854  009.50345836
120 PRK4
111  40.89662250  009.50341412 20
115  40.89681085  009.50378038
120 ST29
111  40.90434169  009.52248636 51
111  40.90361284  009.52108090
112  40.90361284  009.52108090  40.90358135  009.52101510 51
112  40.90348188  009.52106116  40.90344376  009.52109406
111  40.90348188  009.52106116 51
111  40.90332108  009.52120373
112  40.90332108  009.52120373  40.90326969  009.52123882 51
112  40.90328627  009.52137919  40.90331279  009.52143841
111  40.90328627  009.52137919 51
115  40.90393607  009.52262365
120 ST30
112  40.90371373  009.52127455  40.90367330  009.52119614 51
112  40.90355640  009.52123564  40.90350081  009.52128466
111  40.90355640  009.52123564 51
111  40.90341538  009.52137046
112  40.90341538  009.52137046  40.90337305  009.52141181 51
116  40.90338629  009.52157162  40.90342510  009.52164698
120 ST31
112  40.90380512  009.52145036  40.90376470  009.52137195 51
112  40.90364779  009.52141144  40.90359221  009.52146046
111  40.90364779  009.52141144 51
111  40.90350677  009.52154626
112  40.90350677  009.52154626  40.90346444  009.52158762 51
116  40.90347768  009.52174742  40.90351650  009.52182279
120 ST32
112  40.90389792  009.52162802  40.90385750  009.52154961 51
112  40.90374059  009.52158910  40.90368501  009.52163813
111  40.90374059  009.52158910 51
111  40.90359958  009.52172392
112  40.90359958  009.52172392  40.90355725  009.52176528 51
116  40.90357048  009.52192509  40.90360930  009.52200045
120 ST33
112  40.90398861  009.52180010  40.90394819  009.52172169 51
112  40.90383128  009.52176118  40.90377570  009.52181021
111  40.90383128  009.52176118 51
111  40.90369027  009.52189601
112  40.90369027  009.52189601  40.90364794  009.52193736 51
116  40.90366118  009.52209717  40.90369999  009.52217253
120 ST34
112  40.90408001  009.52197590  40.90403959  009.52189749 51
112  40.90392268  009.52193699  40.90386710  009.52198601
111  40.90392268  009.52193699 51
111  40.90378166  009.52207181
112  40.90378166  009.52207181  40.90373933  009.52211316 51
116  40.90375257  009.52227297  40.90379139  009.52234833
120 ST35
112  40.90417070  009.52215078  40.90413028  009.52207237 51
112  40.90401337  009.52211186  40.90395779  009.52216089
111  40.90401337  009.52211186 51
111  40.90387235  009.52224669
112  40.90387235  009.52224669  40.90383002  009.52228804 51
116  40.90384326  009.52244785  40.90388208  009.52252321
120 ST36
112  40.90426350  009.52232658  40.90422308  009.52224817 51
112  40.90410617  009.52228766  40.90405059  009.52233669
111  40.90410617  009.52228766 51
111  40.90396516  009.52242249
112  40.90396516  009.52242249  40.90392283  009.52246384 51
116  40.90393607  009.52262365  40.90397488  009.52269901
120 ST37
112  40.90434169  009.52248636  40.90430205  009.52241000 51
112  40.90421557  009.52244626  40.90418086  009.52247380
111  40.90421557  009.52244626 51
115  40.90404052  009.52260871
120 ST39
112  40.90488038  009.52405792  40.90490647  009.52406756 51
112  40.90496847  009.52405290  40.90499362  009.52403072 51
116  40.90504882  009.52406215  40.90506559  009.52409728
120 ST40
112  40.90494695  009.52419520  40.90497770  009.52425529 51
112  40.90506798  009.52423871  40.90509313  009.52421652 51
116  40.90514833  009.52424795  40.90516510  009.52428308
120 ST41
112  40.90503988  009.52437362  40.90507063  009.52443371 51
112  40.90516300  009.52441713  40.90518816  009.52439494 51
116  40.90524336  009.52442637  40.90526013  009.52446150
120 ST42
112  40.90513491  009.52455297  40.90516565  009.52461306 51
112  40.90525593  009.52459648  40.90528109  009.52457429 51
116  40.90533629  009.52460572  40.90535306  009.52464085
120 ST43
112  40.90522924  009.52473232  40.90525998  009.52479241 51
112  40.90535026  009.52477490  40.90537542  009.52475272 51
116  40.90543061  009.52478415  40.90544738  009.52481928
120 ST44
112  40.90532426  009.52491351  40.90535500  009.52497360 51
112  40.90544459  009.52495795  40.90546974  009.52493576 51
116  40.90552494  009.52496719  40.90554171  009.52500232
120 ST45
112  40.90541789  009.52509379  40.90544863  009.52515388 51
112  40.90553631  009.52513229  40.90556146  009.52511010 51
116  40.90561857  009.52514469  40.90563534  009.52517982
120 ST46
112  40.90541789  009.52509379  40.90544863  009.52515388 51
112  40.90541175  009.52525563  40.90538939  009.52527412 51
116  40.90539149  009.52535455  40.90540825  009.52538968
120 ST47
112  40.90532426  009.52491351  40.90535500  009.52497360 51
112  40.90531812  009.52507536  40.90529576  009.52509385 51
116  40.90529786  009.52517428  40.90531463  009.52520941
120 ST48
112  40.90522924  009.52473232  40.90525998  009.52479241 51
112  40.90522309  009.52489416  40.90520074  009.52491265 51
116  40.90520283  009.52499308  40.90521960  009.52502821
120 ST49
112  40.90513491  009.52455297  40.90516565  009.52461306 51
112  40.90512877  009.52471481  40.90510641  009.52473330 51
116  40.90510851  009.52481373  40.90512527  009.52484886
120 ST50
112  40.90503988  009.52437362  40.90507063  009.52443371 51
112  40.90503374  009.52453546  40.90501138  009.52455395 51
116  40.90501348  009.52463438  40.90503025  009.52466951
120 ST51
112  40.90494695  009.52419520  40.90497770  009.52425529 51
112  40.90494081  009.52435704  40.90491845  009.52437553 51
116  40.90492055  009.52445596  40.90493732  009.52449109
120 lf16
112  40.90437632  009.52405546  40.90443026  009.52399885 51
112  40.90472228  009.52401854  40.90481807  009.52405177
111  40.90472228  009.52401854 51
115  40.90488038  009.52405792
120 lf17
112  40.90434169  009.52248636  40.90437340  009.52254775 51
112  40.90431968  009.52264667  40.90428179  009.52268043
111  40.90431968  009.52264667 51
115  40.90386317  009.52305534
120 lf18
112  40.90393607  009.52262365  40.90395617  009.52266560 51
112  40.90397941  009.52284210  40.90397555  009.52290247 51
116  40.90393147  009.52299251  40.90390595  009.52301399
120 lf19
112  40.90404052  009.52260871  40.90401810  009.52262918 8
112  40.90399643  009.52270908  40.90398869  009.52274694 8
116  40.90397941  009.52284210  40.90397941  009.52287279
120 APR3_toSTS
111  40.90455318  009.52439220 51
111  40.90480904  009.52415658
112  40.90480904  009.52415658  40.90485888  009.52411701 51
112  40.90494695  009.52419520  40.90497233  009.52424320
111  40.90494695  009.52419520 51
115  40.90554306  009.52533137
120 lf20
112  40.90394367  009.52313359  40.90394157  009.52310511 51
112  40.90396502  009.52305343  40.90398234  009.52303745
111  40.90396502  009.52305343 51
116  40.90440321  009.52267839  40.90440692  009.52268166
120 lf19
111  40.90485581  009.52452076 2
116  40.90416234  009.52318511  40.90416534  009.52319106
120 lf18
111  40.90476444  009.52373800 3
111  40.90490224  009.52361712 3
111  40.90465361  009.52312963 3
111  40.90448736  009.52326240 3
115  40.90394367  009.52313359
120 lf17
112  40.90472228  009.52401854  40.90477250  009.52402716 51
116  40.90494695  009.52419520  40.90499996  009.52429979
120 APR3_BL
111  40.90542791  009.52553488 51
115  40.90470661  009.52417291
120 Linear Feature 13
112  40.90470382  009.52417045  40.90470745  009.52413688 21
115  40.90475948  009.52375635
120 TWYBL_AF
111  40.90521013  009.52927454 1
112  40.90559624  009.52914398  40.90576571  009.52901911 1
112  40.90590513  009.52813928  40.90583864  009.52767098
111  40.90590513  009.52813928 1
111  40.90575283  009.52721404
112  40.90575283  009.52721404  40.90569063  009.52681386 1
112  40.90549757  009.52634556  40.90537744  009.52611000
111  40.90549757  009.52634556 1
115  40.90473177  009.52490095
120 TWYCL_AF
112  40.90461270  009.52881578  40.90482047  009.52920938 1 101
112  40.90550789  009.52904892  40.90569441  009.52892397 1 101
112  40.90580058  009.52816411  40.90574864  009.52770491
111  40.90580058  009.52816411 1 101
111  40.90563938  009.52724814
112  40.90563938  009.52724814  40.90560042  009.52699043 1 101
116  40.90540092  009.52641409  40.90529963  009.52621822
120 TWYBL2_AF
111  40.90507132  009.52899165 1
112  40.90548373  009.52887271  40.90568901  009.52868851 1
112  40.90567721  009.52819213  40.90565598  009.52808286
111  40.90567721  009.52819213 1
111  40.90553800  009.52728676
112  40.90553800  009.52728676  40.90550260  009.52703701 1
112  40.90531620  009.52650316  40.90521001  009.52625965
111  40.90531620  009.52650316 1
115  40.90472158  009.52536678
120 TWYCL_RWY
111  40.90461283  009.52881588 1 101
115  40.90421427  009.52805652
120 TWYCL_B
112  40.90336608  009.52645592  40.90351748  009.52674087 1 101
112  40.90389029  009.52679507  40.90405448  009.52681481
111  40.90389029  009.52679507 1 101
111  40.90411206  009.52680635
112  40.90411206  009.52680635  40.90430825  009.52680635 1 101
112  40.90451509  009.52631544  40.90454281  009.52605305
111  40.90451509  009.52631544 1 101
111  40.90459612  009.52527718
112  40.90459612  009.52527718  40.90461329  009.52508283 1 101
112  40.90452575  009.52475523  40.90447915  009.52466885
111  40.90452575  009.52475523 1 101
115  40.90452575  009.52475523
120 TWYBL_B
111  40.90387301  009.52692483 1
111  40.90411466  009.52693044
112  40.90411466  009.52693044  40.90427999  009.52693605 1
112  40.90461914  009.52640320  40.90469121  009.52604703
111  40.90461914  009.52640320 1
111  40.90468543  009.52538798
112  40.90468543  009.52538798  40.90468745  009.52536028 1
116  40.90472158  009.52536678  40.90472901  009.52538286
120 TWYBL2_B
111  40.90371101  009.52660750 1
112  40.90401017  009.52665767  40.90414711  009.52667161 1
112  40.90442520  009.52631203  40.90447365  009.52601657
111  40.90442520  009.52631203 1
111  40.90450104  009.52525005
112  40.90450104  009.52525005  40.90451368  009.52510789 1
116  40.90441466  009.52477062  40.90433882  009.52462010
120 TWYCL1_C
112  40.90033097  009.52067970  40.90024152  009.52050819 1 101
112  40.90049791  009.52017232  40.90070766  009.52024578
111  40.90049791  009.52017232 1 101
111  40.90123202  009.52037228
112  40.90123202  009.52037228  40.90132455  009.52040493 1 101
112  40.90158056  009.52029475  40.90170703  009.52020905 1 101
116  40.90212783  009.52020485  40.90223691  009.52041235
120 TWYCL2_C
112  40.89976651  009.51960806  40.89993307  009.51993860 1 101
116  40.90049483  009.52016415  40.90068915  009.52022944
120 TWYCL3_C
112  40.90166591  009.51932988  40.90189712  009.51976618 1 101
116  40.90156652  009.52030005  40.90146072  009.52036657
120 TWYBL1_C
112  40.90052821  009.52054219  40.90053664  009.52040283 1
112  40.90072835  009.52039726  40.90078523  009.52041677
111  40.90072835  009.52039726 1
111  40.90121501  009.52051432
112  40.90121501  009.52051432  40.90140462  009.52055892 1
112  40.90162161  009.52041955  40.90170167  009.52035823
111  40.90162161  009.52041955 1
111  40.90180279  009.52029413
112  40.90180279  009.52029413  40.90192920  009.52019657 1
116  40.90211037  009.52041955  40.90219036  009.52057941
120 TWYBL2_C
112  40.90014689  009.51980915  40.90031332  009.51997917 1
112  40.90054928  009.52006279  40.90064197  009.52009066
111  40.90054928  009.52006279 1
111  40.90128453  009.52025232
112  40.90128453  009.52025232  40.90148046  009.52029692 1
112  40.90165321  009.51985932  40.90165953  009.51968651
111  40.90165321  009.51985932 1
111  40.90165532  009.51966700
112  40.90165532  009.51966700  40.90165321  009.51954715 1
116  40.90156051  009.51937155  40.90152681  009.51930466
120 TWYCL_D
112  40.89637294  009.51304166  40.89626870  009.51277398 1 101
112  40.89634228  009.51210071  40.89636988  009.51191009
111  40.89634228  009.51210071 1 101
111  40.89640973  009.51171541
112  40.89640973  009.51171541  40.89645725  009.51145584 1 101
112  40.89688949  009.51113957  40.89709507  009.51106205
111  40.89688949  009.51113957
112  40.89688949  009.51113957  40.89717687  009.51104332 1 101
116  40.89751106  009.51144605  40.89765446  009.51171595
120 TWCL_D1
112  40.89597132  009.51226700  40.89619206  009.51239273 1
116  40.89634535  009.51208449  40.89637294  009.51196281
120 TWYCL_D2
112  40.89698310  009.51044762  40.89712605  009.51072015 1 101
112  40.89688494  009.51107865  40.89675964  009.51118185
111  40.89688494  009.51107865 1 101
115  40.89665504  009.51129198
120 TWYBL1_D
111  40.89645781  009.51287047 1
111  40.89643830  009.51240220
112  40.89643830  009.51240220  40.89642994  009.51219572 1
112  40.89650519  009.51178645  40.89656372  009.51158366
111  40.89650519  009.51178645
112  40.89650519  009.51178645  40.89661947  009.51135874 1
112  40.89701524  009.51124813  40.89716017  009.51122601 1
116  40.89740642  009.51150108  40.89752590  009.51173023
120 TWYBL2_D
112  40.89603417  009.51205930  40.89619304  009.51209248 1
112  40.89629059  009.51175695  40.89631846  009.51155047 1
112  40.89655536  009.51121863  40.89663061  009.51116701
111  40.89655536  009.51121863 1
111  40.89687867  009.51092366
112  40.89687867  009.51092366  40.89697900  009.51082780 1
116  40.89692326  009.51059182  40.89689539  009.51053283
120 TWY_BLCD
112  40.90136407  009.51852873  40.90125858  009.51834331
111  40.90136407  009.51852873 1
111  40.89994236  009.51582337
112  40.89994236  009.51582337  40.89982783  009.51559807 1
112  40.90007415  009.51534057  40.90015403  009.51528275
111  40.90007415  009.51534057
112  40.90007415  009.51534057  40.90009827  009.51531664 1
112  40.90023316  009.51532182  40.90028440  009.51534574
111  40.90023316  009.51532182
112  40.90023316  009.51532182  40.90026330  009.51533179 1
112  40.90030428  009.51537972  40.90032688  009.51542159
111  40.90030428  009.51537972 1
111  40.90178114  009.51816505
112  40.90178114  009.51816505  40.90181429  009.51821490 1
112  40.90181128  009.51834849  40.90180676  009.51841827
111  40.90181128  009.51834849
112  40.90181128  009.51834849  40.90179922  009.51844619 1
112  40.90172839  009.51854987  40.90167564  009.51859971
111  40.90172839  009.51854987
114  40.90172839  009.51854987  40.90162139  009.51866750 1
120 TWYCL_E
111  40.89329401  009.50732840 1 101
111  40.89287199  009.50653632
112  40.89287199  009.50653632  40.89269999  009.50621512 1 101
112  40.89275079  009.50565488  40.89278789  009.50544075
111  40.89275079  009.50565488 1 101
111  40.89284522  009.50498571
112  40.89284522  009.50498571  40.89289581  009.50473142 1 101
112  40.89313525  009.50449052  40.89324677  009.50440397 1 101
112  40.89353815  009.50446547  40.89360422  009.50448212
111  40.89353815  009.50446547 1 101
111  40.89375247  009.50453911
112  40.89375247  009.50453911  40.89385399  009.50458086 1 101
116  40.89410266  009.50498200  40.89419105  009.50516498
120 TWYBL1_E
112  40.89283909  009.50595303  40.89283182  009.50587827 1
112  40.89283751  009.50575739  40.89284644  009.50566322
111  40.89283751  009.50575739 1
111  40.89296023  009.50501441
112  40.89296023  009.50501441  40.89298768  009.50483926 1
112  40.89320094  009.50463355  40.89329701  009.50458122 1
112  40.89352188  009.50461859  40.89362038  009.50465170
111  40.89352188  009.50461859 1
111  40.89372150  009.50469352
112  40.89372150  009.50469352  40.89381919  009.50473944 1
116  40.89395447  009.50496642  40.89400372  009.50505934
120 TWYBL2_E
111  40.89264864  009.50562206 1
111  40.89275253  009.50493830
112  40.89275253  009.50493830  40.89280827  009.50461317 1
112  40.89308698  009.50436514  40.89325421  009.50422437
111  40.89308698  009.50436514 1
115  40.89413088  009.50339648
120 TWYBL3_E
111  40.89357044  009.50431515 1
111  40.89377121  009.50415833
112  40.89377121  009.50415833  40.89375733  009.50423180 1
112  40.89376801  009.50436318  40.89377548  009.50442393
113  40.89376801  009.50436318 1
120 TWYCL5_E
111  40.89402812  009.50383144 1
112  40.89380950  009.50395239  40.89371544  009.50398766 1
115  40.89364170  009.50405119
120 TWYCL2_E
111  40.89364170  009.50405119 1 101
115  40.89313525  009.50449052
120 TWY_BL2_F3
111  40.89424135  009.50397866 1
111  40.89446522  009.50442073 1
111  40.89416392  009.50468580
112  40.89416392  009.50468580  40.89413398  009.50471427 1
116  40.89407456  009.50467066  40.89405491  009.50463228
120 TWY_BL2F
111  40.89598024  009.50700642 1
111  40.89587489  009.50710734
112  40.89587489  009.50710734  40.89571518  009.50725532 1
112  40.89530574  009.50698937  40.89515019  009.50671939
111  40.89530574  009.50698937 1
111  40.89407456  009.50467066
112  40.89407456  009.50467066  40.89394872  009.50442395 1
112  40.89411853  009.50409098  40.89425954  009.50396060
111  40.89411853  009.50409098 1
115  40.89424135  009.50397866
120 TWY_BL2F3
111  40.90002548  009.51501440 1
111  40.89970137  009.51496447
112  40.89970137  009.51496447  40.89954065  009.51492636 1
112  40.89926568  009.51455610  40.89909283  009.51425521
111  40.89926568  009.51455610 1
111  40.89600744  009.50833018
112  40.89600744  009.50833018  40.89584982  009.50802770 1
112  40.89610067  009.50754313  40.89623165  009.50742273
111  40.89610067  009.50754313 1
115  40.89620945  009.50744035
120 TWYBL1_F3
111  40.89692326  009.51059182 1
115  40.89395447  009.50496642
120 TWYBL1_F2
111  40.90156051  009.51937155 1
115  40.89740642  009.51150108
120 TWYCL4_F
112  40.89410266  009.50498200  40.89395105  009.50469577 1
112  40.89386756  009.50430819  40.89386644  009.50409100 1
112  40.89402812  009.50383144  40.89412992  009.50372663
111  40.89402812  009.50383144 1
115  40.89421767  009.50365186
120 TWYBL1_F1
111  40.90441466  009.52477062 1
115  40.90211037  009.52041955
120 TWY_BLFL
111  40.90372211  009.52295557 1
111  40.90199238  009.51971044
112  40.90199238  009.51971044  40.90193791  009.51959335 1
112  40.90191413  009.51937685  40.90193047  009.51923814
111  40.90191413  009.51937685 1
111  40.90197341  009.51857840
112  40.90197341  009.51857840  40.90198431  009.51850634 1
112  40.90207989  009.51854025  40.90210440  009.51858709
111  40.90207989  009.51854025 1
115  40.90311852  009.52048110
120 TWY_CLF
111  40.90540092  009.52641409 1 101
115  40.89410266  009.50498200
120 TWY_CLG2
112  40.89581011  009.50746528  40.89565849  009.50759839 1
116  40.89573096  009.50807553  40.89576680  009.50815029
120 TWY_CLG
111  40.89609259  009.50720960 1
111  40.89581011  009.50746528
112  40.89581011  009.50746528  40.89563164  009.50762984 1
116  40.89533746  009.50732702  40.89526126  009.50717002
120 TWY_CLL
112  40.90187534  009.51850092  40.90184325  009.51882734 1
116  40.90131881  009.51867379  40.90113627  009.51833145
120 TWY_CLM2
112  40.90006614  009.51517423  40.89991060  009.51514173 1
116  40.89979877  009.51578521  40.89994620  009.51606101
120 TWY_CLM
112  40.90076151  009.51456783  40.90073129  009.51469675 1
112  40.90062083  009.51479028  40.90056248  009.51483611
111  40.90062083  009.51479028 1
111  40.90024792  009.51512439
112  40.90024792  009.51512439  40.90019140  009.51518229 1
112  40.90004143  009.51516878  40.89995573  009.51514948
111  40.90004143  009.51516878 1
111  40.89958089  009.51506807
112  40.89958089  009.51506807  40.89947148  009.51503912 1
116  40.89929474  009.51483338  40.89925097  009.51475377
120 TWY_CLN2_3
112  40.90428515  009.52429651  40.90425470  009.52423633 1
112  40.90430969  009.52411801  40.90433778  009.52409099
111  40.90430969  009.52411801
112  40.90430969  009.52411801  40.90428144  009.52414586 1
116  40.90417820  009.52409497  40.90415792  009.52405529
120 Linear Feature 9
111  40.90447679  009.52446032 1
115  40.90455318  009.52439220
120 Linear Feature 15
111  40.90430969  009.52411801 51
115  40.90437632  009.52405546
120 TWY_CLN4_5
112  40.90445748  009.52462267  40.90441753  009.52455165 1
111  40.90447679  009.52446032 1
116  40.90436165  009.52443980  40.90433435  009.52438945
120 TWY_CLN1
112  40.90360556  009.52300805  40.90363804  009.52306944 1
112  40.90386317  009.52305534  40.90393741  009.52299497
111  40.90386317  009.52305534
112  40.90386317  009.52305534  40.90378893  009.52311980 1
116  40.90380937  009.52339301  40.90384571  009.52346361
120 HS1
111  40.90574894  009.52721531 4 104
111  40.90554302  009.52727585 4 104
115  40.90554501  009.52727585
120 HS2
111  40.90138007  009.52055590 4 104
115  40.90135231  009.52019272
120 HS3
111  40.90457263  009.52655556 4 104
115  40.90440451  009.52639259
120 HS4
111  40.89366554  009.50467118 4 104
115  40.89373134  009.50431978
120 HS5
111  40.89372479  009.50420513 4 104
115  40.89357502  009.50391124
120 HS6
111  40.89663507  009.51149838 4 104
115  40.89650436  009.51124632
21  40.89542003  009.51050209 2 55.3000 3.00 06  PAPI-4L
21  40.90240519  009.52571405 2 235.3100 3.00 24  PAPI-4L
20  40.89305979  009.50629511 230.0000 0 3 {@Y}E{^r}
20  40.89673902  009.51329844 230.0000 0 3 {@Y}D{^r}
20  40.89589052  009.51167516 50.0000 0 3 {@Y,^l}D
20  40.90474898  009.52848790 50.0000 0 3 {@Y,^l}A
20  40.90357486  009.52626071 50.0000 0 3 {@Y,^l}B
20  40.90070728  009.52082425 230.0000 0 3 {@Y}C{^r}
20  40.89987197  009.51926253 50.0000 0 3 {@Y,^l}C
20  40.90467466  009.52643781 315.0000 0 3 {@Y,^l}F{@L}B{@Y}N{^ru}
20  40.90011876  009.51607359 230.0000 0 3 {@L}F{@Y}M{^ru}
20  40.90135087  009.52015389 175.0000 0 3 {@R}23
20  40.90231033  009.52020761 230.0000 0 3 {@L}F{@Y}L{^ru}
20  40.90436708  009.52635451 130.0000 0 3 {@R}23
20  40.90552515  009.52728107 80.0000 0 3 {@R}23
20  40.90381323  009.52300902 50.0000 0 3 {@Y,^l}APRON3
20  40.89738894  009.51085532 323.0000 0 3 {@Y}APRON1{^r}
20  40.89727780  009.51064753 322.0000 0 3 {@Y,^l}APRON2
20  40.89301694  009.50436497 323.0000 0 2 {@Y,^u}APRON2{^ru}
20  40.89881641  009.51356853 235.0000 0 3 {@Y,^u}APRON2
20  40.89959685  009.51485924 270.0000 0 3 {@Y}APRON1{^r}
20  40.89997765  009.51557762 20.0000 0 3 {@Y,^l}APRON1
20  40.90145419  009.51849099 235.0000 0 3 {@Y}APRON1{^r}
20  40.90192767  009.51941679 360.0000 0 3 {@Y,^l}APRON1
20  40.90316305  009.52184212 235.0000 0 3 {@Y,^u}APRON1*2
20  40.90475107  009.52472219 360.0000 0 3 {@Y,^l}APRON3
20  40.90481327  009.52495960 230.0000 0 3 {@L}F{@Y}N{^ru}
20  40.90579338  009.52720278 255.0000 0 3 {@L}A{@Y}F{^u}
20  40.89497126  009.50623466 227.0000 0 3 {@Y,^lu}E{@L}F{@Y}H{^ru}
20  40.89409381  009.50414125 317.0000 0 3 {@L}H
20  40.89301070  009.50502852 280.0000 0 3 {@Y,^u}H{@L}E{@Y}F{^ru}
20  40.89356370  009.50387305 150.0000 0 3 {@R}05{@Y,^u}E
20  40.89373291  009.50429572 200.0000 0 3 {@R}05{@Y,^u}E
20  40.89403313  009.50452651 235.0000 0 3 {@Y}APRON2{^r}
20  40.89408284  009.50464584 235.0000 0 3 {@Y,^lu}E{@L}F{@Y}H{^ru}
20  40.89414317  009.50471715 360.0000 0 3 {no-entry}
20  40.89488545  009.50582123 295.0000 0 3 {no-entry}
20  40.89597362  009.50786594 20.0000 0 3 {@Y,^l}APRON2
20  40.89561769  009.50716954 270.0000 0 3 {@Y,^u}APRON2{^r}
20  40.89606223  009.50833088 227.0000 0 3 {@L}F{@Y}G{^ru}
20  40.89665520  009.51153589 317.0000 0 2 {@L}D{@Y,^l}F{^r}
20  40.89648941  009.51121420 137.0000 0 3 {@R}05
20  40.89678969  009.51040777 50.0000 0 3 {@L}F{@Y}D{^ru}
20  40.89919440  009.51491982 50.0000 0 3 {@Y,^l}M{@L}F
20  40.89774128  009.51213630 50.0000 0 3 {@Y,^lu}M{@L}F
20  40.89765861  009.51138902 230.0000 0 3 {@L}F{@Y,^l}D
14  40.90174572  009.51402591  78.74 0 ATC Tower
15  40.90159990  009.51543520 150.00 Ramp
18  40.89982898  009.51655394 1 BCN
19  40.89268048  009.50478588 1 WS
19  40.90464133  009.53047220 1 WS
54 12595 TWR
54 12210 TWR
55 11897 APP
99
